0 0.1357758625 0.5668398684931507 0.1443965515625 0.5630609342465753 0.14008620624999998 0.5517241369863014 0.1357758625 0.5668398684931507
0 0.2607758625 0.6688710438356165 0.2715517234375 0.6688710438356165 0.262931034375 0.6575342465753424 0.2607758625 0.6688710438356165
0 0.3534482765625 0.7935758136986302 0.3642241375 0.7973547479452056 0.3577586203125 0.7822390164383562 0.3534482765625 0.7935758136986302
0 0.3232758625 0.9182805863013699 0.3340517234375 0.9182805863013699 0.3340517234375 0.9031648547945206 0.3232758625 0.9182805863013699
0 0.6982758625 0.8653755315068493 0.7090517234375 0.884270194520548 0.7068965515625 0.8653755315068493 0.6982758625 0.8653755315068493
0 0.41594827656250005 0.7444496931506849 0.4310344828125 0.7368918273972602 0.42456896562499996 0.7293339643835617 0.41594827656250005 0.7444496931506849
0 0.23706896562500002 0.17005196164383563 0.24353448281249998 0.151157298630137 0.23491379375000002 0.151157298630137 0.23706896562500002 0.17005196164383563
0 0.46336206874999997 0.8540387342465753 0.47844827656250005 0.8691544630136986 0.471982759375 0.8464808684931506 0.46336206874999997 0.8540387342465753
0 0.2715517234375 0.7293339643835617 0.2607758625 0.7293339643835617 0.2607758625 0.7406707616438356 0.2715517234375 0.7406707616438356 0.2715517234375 0.7293339643835617
0 0.42456896562499996 0.8540387342465753 0.4375 0.8464808684931506 0.4288793109375 0.8313651397260274 0.42456896562499996 0.8540387342465753
0 0.648706896875 0.12092583835616438 0.6659482765625 0.1247047698630137 0.65086206875 0.10581010958904111 0.648706896875 0.12092583835616438
0 0.5172413796875001 0.8389230054794521 0.52586206875 0.8540387342465753 0.53663793125 0.8389230054794521 0.5172413796875001 0.8389230054794521
0 0.825431034375 0.6575342465753424 0.825431034375 0.6688710438356165 0.836206896875 0.6688710438356165 0.8340517234375 0.6499763808219178 0.825431034375 0.6575342465753424
0 0.14008620624999998 0.7142182328767124 0.125 0.7293339643835617 0.1206896546875 0.7368918273972602 0.1314655171875 0.7520075589041095 0.148706896875 0.733112895890411 0.14008620624999998 0.7142182328767124
0 0.1767241375 0.6688710438356165 0.1702586203125 0.6575342465753424 0.148706896875 0.6613131780821918 0.14008620624999998 0.6839867726027397 0.122844828125 0.6839867726027397 0.122844828125 0.721776098630137 0.1443965515625 0.6839867726027397 0.1681034484375 0.6839867726027397 0.1767241375 0.6688710438356165